49
S 598 355 559 355
S 559 355 521 355
S 521 355 482 354
S 482 354 443 354
S 443 354 404 354
S 404 354 366 354
S 366 354 327 353
S 327 353 289 353
T 289 353 285 352 283 349 283 346
T 283 346 284 338 281 338 275 340
S 275 340 255 347
T 255 347 242 352 236 354 222 354
S 222 354 199 354
S 199 354 175 354
T 175 354 162 353 137 347 121 331
T 121 331 104 316 93 303 86 275
S 86 275 80 244
S 80 244 74 213
S 74 213 68 183
S 68 183 62 152
T 62 152 62 145 60 144 55 144
T 55 144 51 143 49 143 46 135
S 46 135 30 97
S 30 97 14 59
T 14 59 7 33 19 28 32 25
S 32 25 100 13
T 100 13 120 11 120 15 129 27
T 129 27 135 36 140 47 144 55
T 144 55 149 64 156 77 162 86
T 162 86 168 95 175 105 183 114
T 183 114 193 124 201 132 210 140
S 210 140 240 166
S 240 166 270 192
S 270 192 300 217
S 300 217 330 243
T 330 243 344 256 347 255 364 254
T 364 254 375 254 384 253 391 262
T 391 262 400 271 402 270 414 270
S 414 270 463 271
S 463 271 512 272
S 512 272 560 273
S 560 273 609 274
S 609 274 658 275
S 658 275 707 276
T 707 276 731 276 737 286 738 299
T 738 299 736 316 729 325 711 338
T 711 338 694 348 675 354 660 354
S 660 354 598 355
B 660 354 640 337 495 337 482 354